309413.65939919377 5466340.546382918
309413.9263906459 5466349.042188682
309414.19338209805 5466357.537994444
309414.46037355025 5466366.033800208
309414.7273650024 5466374.529605971
309414.9943564546 5466383.025411733
309415.2613479067 5466391.521217497
309415.5283393589 5466400.01702326
309415.79533081106 5466408.512829023
309416.1958179893 5466421.2565376675
309416.72980089363 5466438.248149194
309416.9967923458 5466446.743954957
309417.263783798 5466455.23976072
309417.5307752501 5466463.735566483
309417.7977667023 5466472.2313722465
309418.06475815445 5466480.727178009
309418.33174960664 5466489.222983773
309418.5987410588 5466497.718789536
309418.8657325109 5466506.214595299
309419.1327239631 5466514.710401062
309419.39971541526 5466523.206206825
309419.95629052405 5466340.348495136
309420.22328197624 5466348.844300899
309420.4902734284 5466357.340106662
309420.7572648805 5466365.835912425
309421.0242563327 5466374.331718189
309421.29124778486 5466382.827523951
309421.55823923706 5466391.323329715
309421.8252306892 5466399.819135478
309422.0922221414 5466408.3149412405
309422.49270931963 5466421.0586498855
309422.75970077177 5466429.554455649
309423.02669222397 5466438.050261412
309423.2936836761 5466446.5460671745
309423.56067512825 5466455.041872938
309423.82766658044 5466463.537678701
309424.0946580326 5466472.0334844645
309424.3616494848 5466480.529290227
309424.6286409369 5466489.025095991
309424.8956323891 5466497.520901754
309425.16262384126 5466506.016707516
309425.4296152934 5466514.51251328
309425.6966067456 5466523.008319043
309426.2531818544 5466340.150607354
309426.5201733065 5466348.646413117
309426.78716475866 5466357.14221888
309427.05415621086 5466365.638024643
309427.321147663 5466374.133830407
309427.5881391152 5466382.629636169
309427.85513056733 5466391.125441932
309428.12212201953 5466399.621247696
309428.38911347167 5466408.1170534585
309428.7896006499 5466420.860762103
309429.0565921021 5466429.356567866
309429.32358355424 5466437.85237363
309429.5905750064 5466446.3481793925
309429.8575664586 5466454.843985156
309430.1245579107 5466463.339790919
309430.3915493629 5466471.835596682
309430.65854081506 5466480.331402445
309430.92553226725 5466488.827208208
309431.1925237194 5466497.323013972
309431.45951517153 5466505.818819734
309431.72650662373 5466514.314625498
309431.99349807587 5466522.810431261
309432.2830817325 5466331.456913808
309432.55007318466 5466339.952719572
309432.81706463685 5466348.448525335
309433.084056089 5466356.944331097
309433.35104754113 5466365.440136861
309433.6180389933 5466373.935942624
309433.88503044547 5466382.431748387
309434.15202189767 5466390.92755415
309434.4190133498 5466399.423359914
309434.686004802 5466407.919165676
309435.08649198024 5466420.662874321
309435.3534834324 5466429.158680084
309435.6204748846 5466437.654485848
309435.8874663367 5466446.1502916105
309436.15445778886 5466454.646097373
309436.42144924105 5466463.141903137
309436.6884406932 5466471.6377089
309436.9554321454 5466480.133514663
309437.22242359753 5466488.629320426
309437.48941504967 5466497.12512619
309437.75640650187 5466505.620931952
309438.023397954 5466514.116737715
309438.2903894062 5466522.612543479
309438.55738085834 5466531.108349241
309438.5799730628 5466331.259026026
309438.846964515 5466339.754831789
309439.1139559671 5466348.250637553
309439.38094741927 5466356.746443315
309439.64793887147 5466365.242249079
309439.9149303236 5466373.738054842
309440.1819217758 5466382.233860605
309440.44891322794 5466390.729666368
309440.71590468014 5466399.225472131
309440.9828961323 5466407.721277894
309441.3833833105 5466420.464986539
309441.6503747627 5466428.960792302
309441.91736621485 5466437.456598065
309442.184357667 5466445.9524038285
309442.4513491192 5466454.448209591
309442.71834057133 5466462.944015355
309442.9853320235 5466471.439821118
309443.25232347567 5466479.935626881
309443.51931492786 5466488.431432644
309443.78630638 5466496.927238407
309444.05329783214 5466505.42304417
309444.32028928434 5466513.918849933
309444.5872807365 5466522.414655697
309444.8542721887 5466530.910461459
309444.8768643931 5466331.061138244
309445.14385584526 5466339.556944007
309445.41084729746 5466348.052749771
309445.6778387496 5466356.548555533
309445.94483020174 5466365.044361297
309446.21182165394 5466373.54016706
309446.4788131061 5466382.035972822
309446.7458045583 5466390.531778586
309447.0127960104 5466399.027584349
309447.27978746255 5466407.523390112
309447.68027464085 5466420.2670987565
309447.947266093 5466428.76290452
309448.2142575451 5466437.258710283
309448.4812489973 5466445.7545160465
309448.74824044947 5466454.250321809
309449.01523190166 5466462.746127572
309449.2822233538 5466471.241933336
309449.549214806 5466479.737739098
309449.81620625814 5466488.233544862
309450.0831977103 5466496.729350625
309450.3501891625 5466505.225156388
309450.6171806146 5466513.720962151
309450.8841720668 5466522.216767914
309451.15116351895 5466530.712573677
309450.90676427126 5466322.367444699
309451.1737557234 5466330.863250462
309451.4407471756 5466339.359056225
309451.70773862774 5466347.854861988
309451.9747300799 5466356.350667751
309452.2417215321 5466364.846473514
309452.5087129842 5466373.342279278
309452.7757044364 5466381.83808504
309453.04269588855 5466390.333890804
309453.30968734075 5466398.829696567
309453.5766787929 5466407.3255023295
309453.9771659711 5466420.0692109745
309454.2441574233 5466428.565016738
309454.51114887546 5466437.060822501
309454.7781403276 5466445.556628264
309455.0451317798 5466454.052434027
309455.31212323194 5466462.54823979
309455.57911468414 5466471.044045554
309455.8461061363 5466479.539851316
309456.1130975885 5466488.03565708
309456.3800890406 5466496.531462843
309456.64708049275 5466505.027268605
309456.91407194495 5466513.523074369
309457.1810633971 5466522.018880132
309457.4480548493 5466530.514685895
309457.20365560154 5466322.169556917
309457.47064705373 5466330.665362679
309457.7376385059 5466339.161168443
309458.004629958 5466347.656974206
309458.2716214102 5466356.152779969
309458.53861286235 5466364.648585732
309458.80560431455 5466373.144391496
309459.0725957667 5466381.640197258
309459.3395872189 5466390.136003021
309459.606578671 5466398.631808785
309459.87357012316 5466407.1276145475
309460.27405730146 5466419.8713231925
309460.5410487536 5466428.367128955
309460.80804020574 5466436.862934719
309461.07503165794 5466445.358740482
309461.3420231101 5466453.854546245
309461.6090145623 5466462.350352008
309461.8760060144 5466470.846157771
309462.1429974666 5466479.341963534
309462.40998891875 5466487.837769297
309462.6769803709 5466496.333575061
309462.9439718231 5466504.829380823
309463.2109632752 5466513.325186587
309463.4779547274 5466521.82099235
309463.74494617956 5466530.316798113
309464.01193763176 5466538.812603876
309463.5005469319 5466321.971669135
309463.767538384 5466330.467474897
309464.0345298362 5466338.963280661
309464.30152128835 5466347.459086424
309464.5685127405 5466355.954892186
309464.8355041927 5466364.45069795
309465.1024956448 5466372.946503713
309465.369487097 5466381.442309476
309465.63647854916 5466389.938115239
309465.90347000136 5466398.433921003
309466.1704614535 5466406.9297267655
309466.57094863174 5466419.6734354105
309466.83794008393 5466428.169241173
309467.1049315361 5466436.665046937
309467.3719229882 5466445.1608527
309467.6389144404 5466453.656658462
309467.90590589255 5466462.152464226
309468.17289734475 5466470.648269989
309468.4398887969 5466479.144075752
309468.706880249 5466487.639881515
309468.9738717012 5466496.135687279
309469.24086315336 5466504.631493041
309469.50785460556 5466513.127298804
309469.7748460577 5466521.623104568
309470.0418375099 5466530.11891033
309470.30882896204 5466538.614716094
309469.79743826215 5466321.773781353
309470.06442971434 5466330.269587115
309470.3314211665 5466338.765392878
309470.5984126186 5466347.261198642
309470.8654040708 5466355.757004404
309471.13239552296 5466364.252810168
309471.39938697516 5466372.748615931
309471.6663784273 5466381.244421694
309471.9333698795 5466389.740227457
309472.20036133163 5466398.23603322
309472.4673527838 5466406.7318389835
309472.86783996207 5466419.4755476285
309473.1348314142 5466427.971353391
309473.40182286635 5466436.467159154
309473.66881431855 5466444.9629649175
309473.9358057707 5466453.45877068
309474.2027972229 5466461.954576444
309474.469788675 5466470.450382207
309474.7367801272 5466478.94618797
309475.00377157936 5466487.441993733
309475.2707630315 5466495.937799496
309475.5377544837 5466504.433605259
309475.80474593583 5466512.929411022
309476.07173738803 5466521.425216786
309476.3387288402 5466529.921022548
309476.60572029237 5466538.416828312
309476.0943295925 5466321.57589357
309476.3613210446 5466330.071699333
309476.6283124968 5466338.567505096
309476.89530394896 5466347.06331086
309477.1622954011 5466355.559116622
309477.4292868533 5466364.054922386
309477.69627830543 5466372.550728149
309477.96326975763 5466381.0465339115
309478.23026120977 5466389.542339675
309478.49725266197 5466398.038145438
309478.7642441141 5466406.5339512015
309479.16473129235 5466419.277659846
309479.4317227445 5466427.773465609
309479.6987141967 5466436.269271372
309479.9657056488 5466444.7650771355
309480.232697101 5466453.260882898
309480.49968855316 5466461.756688661
309480.76668000536 5466470.252494425
309481.0336714575 5466478.748300187
309481.30066290963 5466487.244105951
309481.56765436183 5466495.739911714
309481.834645814 5466504.235717477
309482.10163726617 5466512.73152324
309482.3686287183 5466521.227329003
309482.6356201705 5466529.723134766
309482.90261162265 5466538.218940529
309485.5396665879 5466321.279061897
309485.8066580401 5466329.77486766
309486.07364949223 5466338.270673423
309486.3406409444 5466346.766479186
309486.60763239657 5466355.262284949
309486.87462384877 5466363.758090712
309487.1416153009 5466372.253896476
309487.40860675304 5466380.7497022385
309487.67559820524 5466389.245508002
309487.9425896574 5466397.741313765
309488.2095811096 5466406.2371195275
309488.6100682878 5466418.9808281725
309488.87705973996 5466427.476633935
309489.14405119215 5466435.972439699
309489.4110426443 5466444.468245462
309489.6780340965 5466452.964051225
309489.94502554863 5466461.459856988
309490.21201700077 5466469.955662752
309490.47900845297 5466478.451468514
309490.7459999051 5466486.947274277
309491.0129913573 5466495.443080041
309491.27998280944 5466503.938885803
309491.5469742616 5466512.434691567
309491.8139657138 5466520.93049733
309492.0809571659 5466529.426303093
309492.3479486181 5466537.922108856
309491.8365579182 5466321.081174115
309492.10354937037 5466329.576979877
309492.37054082257 5466338.072785641
309492.6375322747 5466346.568591404
309492.9045237269 5466355.064397167
309493.17151517904 5466363.56020293
309493.4385066312 5466372.056008693
309493.7054980834 5466380.5518144565
309493.9724895355 5466389.047620219
309494.2394809877 5466397.543425983
309494.50647243985 5466406.0392317455
309494.9069596181 5466418.7829403905
309495.1739510703 5466427.278746153
309495.44094252243 5466435.774551917
309495.7079339746 5466444.27035768
309495.97492542677 5466452.766163443
309496.2419168789 5466461.261969206
309496.5089083311 5466469.757774969
309496.77589978324 5466478.253580732
309497.04289123544 5466486.749386495
309497.3098826876 5466495.245192259
309497.5768741398 5466503.740998021
309497.8438655919 5466512.236803785
309498.11085704406 5466520.732609548
309498.37784849625 5466529.22841531
309498.6448399484 5466537.724221074
309498.1334492485 5466320.883286333
309498.4004407007 5466329.379092095
309498.66743215284 5466337.874897859
309498.93442360504 5466346.370703622
309499.2014150572 5466354.8665093845
309499.4684065094 5466363.362315148
309499.7353979615 5466371.858120911
309500.00238941365 5466380.353926674
309500.26938086585 5466388.849732437
309500.536372318 5466397.345538201
309500.8033637702 5466405.8413439635
309501.2038509484 5466418.5850526085
309501.47084240057 5466427.080858371
309501.73783385276 5466435.576664134
309502.0048253049 5466444.072469898
309502.27181675704 5466452.56827566
309502.53880820924 5466461.064081424
309502.8057996614 5466469.559887187
309503.0727911136 5466478.05569295
309503.3397825657 5466486.551498713
309503.6067740179 5466495.047304476
309503.87376547005 5466503.543110239
309504.1407569222 5466512.038916002
309504.4077483744 5466520.534721766
309504.6747398265 5466529.030527528
309504.9417312787 5466537.526333292
309504.43034057884 5466320.68539855
309504.697332031 5466329.181204313
309504.9643234832 5466337.677010076
309505.2313149353 5466346.17281584
309505.4983063875 5466354.6686216025
309505.76529783965 5466363.164427366
309506.0322892918 5466371.660233129
309506.299280744 5466380.1560388915
309506.5662721961 5466388.651844655
309506.8332636483 5466397.147650418
309507.10025510046 5466405.6434561815
309507.5007422787 5466418.387164826
309507.7677337309 5466426.882970589
309508.03472518304 5466435.378776352
309508.30171663524 5466443.874582116
309508.5687080874 5466452.370387878
309508.8356995395 5466460.866193642
309509.1026909917 5466469.361999405
309509.36968244385 5466477.857805167
309509.63667389605 5466486.353610931
309509.9036653482 5466494.849416694
309510.1706568004 5466503.345222457
309510.4376482525 5466511.84102822
309510.70463970467 5466520.336833984
309510.97163115686 5466528.832639746
309511.238622609 5466537.328445509
309510.7272319091 5466320.487510768
309510.9942233613 5466328.983316531
309511.26121481345 5466337.479122294
309511.52820626565 5466345.974928058
309511.7951977178 5466354.47073382
309512.0621891699 5466362.966539583
309512.3291806221 5466371.462345347
309512.59617207426 5466379.9581511095
309512.86316352646 5466388.453956873
309513.1301549786 5466396.949762636
309513.3971464308 5466405.4455683995
309513.79763360904 5466418.189277044
309514.0646250612 5466426.685082807
309514.3316165134 5466435.18088857
309514.5986079655 5466443.676694334
309514.86559941765 5466452.172500096
309515.13259086985 5466460.668305859
309515.399582322 5466469.164111623
309515.6665737742 5466477.659917385
309515.9335652263 5466486.155723149
309516.2005566785 5466494.651528912
309516.46754813066 5466503.147334675
309516.7345395828 5466511.643140438
309517.001531035 5466520.138946201
309517.26852248714 5466528.634751964
309517.53551393934 5466537.130557727
309517.02412323945 5466320.289622986
309517.2911146916 5466328.785428749
309517.5581061438 5466337.281234512
309517.8250975959 5466345.777040275
309518.0920890481 5466354.272846038
309518.35908050026 5466362.768651801
309518.6260719524 5466371.264457565
309518.8930634046 5466379.7602633275
309519.16005485674 5466388.256069091
309519.42704630893 5466396.751874854
309519.6940377611 5466405.247680617
309520.0945249393 5466417.991389262
309520.3615163915 5466426.487195024
309520.62850784365 5466434.983000788
309520.89549929585 5466443.478806551
309521.162490748 5466451.974612314
309521.4294822001 5466460.470418077
309521.6964736523 5466468.966223841
309521.96346510446 5466477.462029603
309522.23045655666 5466485.957835366
309522.4974480088 5466494.45364113
309522.76443946094 5466502.949446892
309523.03143091314 5466511.445252656
309523.2984223653 5466519.941058419
309523.5654138175 5466528.436864182
309523.8324052696 5466536.932669945
309523.5880060219 5466328.587540966
309523.85499747406 5466337.08334673
309524.12198892626 5466345.579152493
309524.3889803784 5466354.074958256
309524.65597183054 5466362.570764019
309524.92296328273 5466371.066569782
309525.1899547349 5466379.5623755455
309525.45694618707 5466388.058181308
309525.7239376392 5466396.553987072
309525.9909290914 5466405.049792835
309526.39141626965 5466417.79350148
309526.6584077218 5466426.289307242
309526.925399174 5466434.785113006
309527.1923906261 5466443.280918769
309527.45938207826 5466451.776724532
309527.72637353046 5466460.272530295
309527.9933649826 5466468.768336058
309528.2603564348 5466477.264141821
309528.52734788693 5466485.759947584
309528.79433933913 5466494.255753348
309529.0613307913 5466502.75155911
309529.3283222434 5466511.247364874
309529.5953136956 5466519.743170637
309529.86230514775 5466528.238976399
309530.12929659995 5466536.734782163
309529.8848973522 5466328.389653184
309530.1518888044 5466336.885458948
309530.41888025653 5466345.381264711
309530.68587170873 5466353.8770704735
309530.95286316087 5466362.372876237
309531.219854613 5466370.868682
309531.4868460652 5466379.3644877635
309531.75383751735 5466387.860293526
309532.02082896954 5466396.35609929
309532.2878204217 5466404.851905053
309532.6883075999 5466417.595613698
309532.9552990521 5466426.09141946
309533.22229050426 5466434.587225223
309533.4892819564 5466443.083030987
309533.7562734086 5466451.578836749
309534.02326486073 5466460.074642513
309534.29025631293 5466468.570448276
309534.5572477651 5466477.066254039
309534.82423921727 5466485.562059802
309535.0912306694 5466494.057865566
309535.35822212155 5466502.553671328
309535.62521357374 5466511.049477091
309535.8922050259 5466519.545282855
309536.1591964781 5466528.041088617
309536.4261879302 5466536.536894381
309536.44878013467 5466336.687571165
309536.71577158687 5466345.183376929
309536.982763039 5466353.6791826915
309537.24975449115 5466362.174988455
309537.51674594334 5466370.670794218
309537.7837373955 5466379.166599981
309538.0507288477 5466387.662405744
309538.3177202998 5466396.158211507
309538.584711752 5466404.654017271
309538.98519893026 5466417.397725915
309539.2521903824 5466425.893531678
309539.5191818346 5466434.389337441
309539.78617328673 5466442.885143205
309540.05316473887 5466451.380948967
309540.32015619107 5466459.876754731
309540.5871476432 5466468.372560494
309540.8541390954 5466476.868366256
309541.12113054754 5466485.36417202
309541.38812199974 5466493.859977783
309541.6551134519 5466502.355783546
309541.922104904 5466510.851589309
309542.1890963562 5466519.347395073
309542.45608780836 5466527.843200835
309542.72307926056 5466536.339006598
309543.01266291714 5466344.985489147
309543.27965436934 5466353.4812949095
309543.5466458215 5466361.977100672
309544.0806287258 5466378.968712199
309544.34762017796 5466387.464517962
309544.61461163015 5466395.960323725
309544.8816030823 5466404.456129489
309545.28209026053 5466417.199838133
309545.5490817127 5466425.695643896
309545.81607316487 5466434.191449659
309546.083064617 5466442.687255423
309546.3500560692 5466451.183061185
309546.61704752134 5466459.678866948
309546.88403897354 5466468.174672712
309547.1510304257 5466476.670478474
309547.4180218779 5466485.166284238
309547.68501333 5466493.662090001
309547.95200478216 5466502.157895764
309548.21899623435 5466510.653701527
309548.4859876865 5466519.14950729
309548.7529791387 5466527.645313053
309549.01997059083 5466536.141118816
